230
0 0 0 29
0 30 2 42
0 43 0 60
0 61 2 61
0 62 0 62
0 63 1 63
0 64 0 64
0 65 0 66
0 67 46 68
0 69 0 69
0 70 46 70
0 71 0 90
0 91 13 92
0 93 2 93
1 0 13 12
1 13 2 19
1 20 24 26
1 27 2 29
1 43 2 44
1 45 6 60
1 62 1 62
1 64 2 64
1 65 1 66
1 69 46 69
1 71 46 71
1 72 1 90
2 62 27 63
2 65 46 65
2 66 2 66
2 72 46 72
2 73 2 90
3 13 13 19
3 27 6 44
3 61 45 61
3 64 46 64
3 66 46 66
3 73 46 74
3 75 10 90
3 93 5 93
6 93 7 93
7 27 20 36
7 37 24 58
7 59 45 60
8 93 12 93
11 75 14 80
11 81 12 90
13 81 14 90
13 93 16 93
14 0 23 6
14 7 27 19
14 91 14 91
14 92 15 92
15 75 31 89
15 90 25 90
15 91 15 91
16 91 25 92
17 93 17 93
18 93 38 93
21 27 21 32
21 33 54 36
22 27 27 32
24 0 25 0
24 1 33 6
25 20 27 26
25 37 48 47
25 48 35 55
25 56 31 58
26 0 28 0
26 90 31 91
26 92 54 92
28 7 31 18
28 19 30 32
28 62 30 62
28 63 45 63
29 0 30 0
31 0 31 0
31 19 53 32
31 62 45 62
32 0 34 0
32 7 33 9
32 10 33 17
32 18 93 18
32 56 45 58
32 75 46 88
32 89 38 91
34 1 41 2
34 3 41 11
34 12 67 17
35 0 35 0
36 0 36 0
36 48 85 49
36 50 36 55
37 0 40 0
37 50 85 50
37 51 39 55
39 89 52 91
39 93 45 93
40 51 85 55
41 0 42 0
42 1 42 1
42 2 42 4
42 5 47 11
43 0 43 1
43 2 43 3
43 4 47 4
44 0 44 0
44 1 44 1
44 2 44 2
44 3 44 3
45 0 45 0
45 1 54 1
45 2 47 2
45 3 45 3
46 0 46 0
46 3 46 3
46 56 63 63
46 93 52 93
47 0 48 0
47 3 54 3
47 64 49 85
47 86 50 88
48 2 54 2
48 4 54 4
48 5 60 11
49 0 50 0
49 37 85 38
49 39 55 40
49 41 85 47
50 64 70 78
50 79 55 80
50 81 95 85
51 0 53 0
51 86 95 86
51 87 52 88
53 87 83 89
53 90 56 91
53 93 56 93
54 0 54 0
54 19 71 27
54 28 63 28
54 29 54 32
55 0 100 4
55 29 55 36
55 92 63 92
56 29 63 33
56 34 85 36
56 39 85 40
56 79 95 80
57 90 83 90
57 91 63 91
57 93 79 93
61 5 93 9
61 10 102 11
64 28 71 33
64 56 85 60
64 61 102 61
64 62 70 63
64 91 83 92
68 12 102 13
68 14 93 17
71 62 75 65
71 66 78 78
72 19 78 26
72 27 76 33
76 62 107 65
77 27 78 28
77 29 102 33
79 19 93 24
79 25 102 28
79 66 94 74
79 75 85 75
79 76 95 78
80 93 82 93
83 93 94 93
84 87 95 87
84 88 92 92
86 34 102 60
86 75 90 75
91 75 105 75
93 88 94 92
94 5 100 7
94 8 102 9
94 14 102 24
95 66 108 66
95 67 101 74
95 88 105 93
96 76 101 87
101 0 102 1
101 2 104 7
102 67 102 68
102 69 105 74
102 76 105 78
102 79 102 80
102 81 105 87
103 0 105 0
103 1 104 1
103 8 106 15
103 16 106 25
103 26 108 32
103 33 106 37
103 38 105 61
103 67 105 68
103 79 105 80
105 1 105 7
106 0 106 1
106 2 106 7
106 38 106 61
106 67 106 68
106 69 107 71
106 72 107 91
106 92 108 93
107 0 107 0
107 1 107 3
107 4 107 4
107 5 108 7
107 8 107 18
107 19 107 25
107 33 107 61
107 67 107 68
108 0 108 1
108 2 108 3
108 4 108 4
108 8 108 18
108 19 108 21
108 22 108 25
108 33 108 56
108 57 108 62
108 63 108 65
108 67 108 71
108 72 108 91
