1029
0 0 1 3
0 4 7 85
0 86 0 352
0 353 164 363
0 364 0 627
0 628 0 628
0 629 0 741
0 742 0 926
0 927 0 999
1 86 1 197
1 198 12 271
1 272 5 339
1 340 164 352
1 364 4 468
1 469 2 514
1 515 6 518
1 519 6 534
1 535 12 541
1 542 6 568
1 569 6 624
1 625 5 704
1 705 2 924
1 925 6 969
1 970 9 998
1 999 124 999
2 0 13 0
2 1 11 3
2 86 31 147
2 148 7 197
3 469 66 481
3 482 3 514
3 705 6 765
3 766 7 788
3 789 11 924
4 482 4 506
4 507 6 514
5 364 156 430
5 431 11 448
5 449 66 468
5 482 16 483
5 484 10 506
6 272 7 291
6 292 15 331
6 332 7 332
6 333 19 339
6 625 6 636
6 637 104 704
7 507 10 516
7 517 16 526
7 527 10 534
7 542 11 610
7 611 102 636
7 705 104 737
7 738 11 765
7 925 69 928
7 929 9 969
8 4 10 35
8 36 10 85
8 148 10 160
8 161 54 197
8 272 9 280
8 281 12 289
8 290 24 291
8 332 19 332
8 766 11 788
10 272 12 278
10 279 24 280
10 929 69 956
10 957 11 969
10 970 46 988
10 989 65 989
10 990 85 998
11 4 11 18
11 19 38 72
11 73 60 84
11 85 31 85
11 148 58 160
11 484 16 516
11 527 16 532
11 533 66 534
12 1 28 1
12 2 12 5
12 6 37 18
12 431 156 448
12 542 12 593
12 594 102 610
12 738 109 755
12 756 17 850
12 851 59 924
12 957 12 966
12 967 46 969
13 2 38 2
13 3 28 5
13 198 35 250
13 251 24 278
13 281 24 289
13 535 66 538
13 539 16 593
13 957 69 962
13 963 59 966
14 0 28 0
16 292 24 327
16 328 164 331
17 482 66 532
17 539 65 561
17 562 35 593
18 756 81 850
20 332 164 339
25 251 173 271
25 272 164 327
29 0 38 1
29 3 38 5
32 85 132 101
32 102 36 147
36 198 112 242
36 243 226 250
36 562 41 593
37 102 38 125
37 126 63 147
38 6 38 14
38 15 57 18
39 0 97 0
39 1 57 14
39 19 57 35
39 36 240 72
39 102 57 125
42 562 102 593
47 967 59 976
47 977 62 988
55 161 63 166
55 167 105 168
55 169 159 197
58 1 109 1
58 2 63 35
58 102 372 114
58 115 63 125
59 148 63 148
59 149 222 149
59 150 63 160
60 851 244 891
60 892 61 892
60 893 69 924
60 963 61 965
60 966 62 976
61 73 361 81
61 82 132 84
62 892 62 892
62 963 62 965
63 892 87 892
63 963 108 982
63 983 90 988
64 2 126 25
64 26 74 35
64 115 105 148
64 150 105 166
66 539 66 539
66 540 141 546
66 547 72 554
66 555 234 561
66 989 90 989
67 449 246 463
67 464 156 513
67 514 123 514
67 515 141 539
70 893 87 962
73 547 84 554
75 26 240 35
82 756 109 762
82 763 228 773
82 774 133 850
85 547 111 554
86 990 90 993
86 994 113 998
88 892 244 910
88 911 102 962
91 983 120 987
91 988 175 993
98 0 109 0
103 562 234 563
103 564 135 636
103 911 214 957
103 958 108 962
105 637 107 666
105 667 105 737
106 115 240 129
106 130 114 148
106 150 114 168
106 667 148 675
106 676 158 726
106 727 126 737
108 637 112 666
109 958 214 980
109 981 166 982
110 0 254 1
110 738 126 740
110 741 175 762
112 547 182 554
113 198 299 224
113 225 226 242
113 637 114 666
114 994 175 997
114 998 205 998
115 130 222 148
115 150 222 168
115 637 141 651
115 652 121 652
115 653 141 666
121 983 167 985
121 986 175 987
122 652 141 652
124 514 182 514
125 999 191 999
127 2 156 18
127 19 314 25
127 727 194 740
133 82 361 101
134 774 175 818
134 819 246 850
136 564 141 636
142 515 182 523
142 524 148 545
142 546 182 546
142 564 234 611
142 612 148 666
149 524 156 545
149 612 164 675
157 2 249 4
157 5 314 18
157 364 164 420
157 421 182 444
157 445 246 448
157 464 246 512
157 513 182 513
157 524 246 545
159 676 164 706
159 707 168 722
159 723 194 726
160 169 222 177
160 178 210 197
165 272 186 353
165 354 172 401
165 402 239 420
165 612 166 651
165 652 277 680
165 681 194 706
167 612 229 651
167 981 167 982
168 981 175 985
169 707 194 722
173 354 210 401
174 251 226 254
174 255 276 259
174 260 186 271
176 741 194 750
176 751 432 762
176 774 246 818
176 981 214 991
176 992 180 996
176 997 213 997
181 992 213 996
183 421 209 442
183 443 187 444
183 513 187 523
183 546 187 549
183 550 234 554
187 260 264 286
187 287 210 353
188 443 209 444
188 513 209 523
188 546 225 549
192 999 193 999
194 999 205 999
195 681 277 750
206 998 275 999
210 421 220 427
210 428 246 444
210 513 220 523
211 178 222 182
211 183 299 197
211 287 245 343
211 344 252 355
211 356 253 401
214 992 214 993
214 994 225 997
215 911 244 939
215 940 366 993
221 421 239 424
221 425 246 427
221 513 225 523
223 130 240 139
223 140 227 182
226 513 246 523
226 546 246 549
226 994 366 995
226 996 439 996
226 997 314 997
227 225 276 254
228 140 240 153
228 154 299 182
229 763 461 773
230 612 252 629
230 630 277 651
235 550 246 596
235 597 252 611
240 402 253 416
240 417 246 424
241 26 314 71
241 72 372 72
241 115 372 122
241 123 246 153
245 851 246 861
245 862 245 881
245 882 246 891
245 892 378 906
245 907 246 919
245 920 391 930
245 931 246 939
246 287 252 288
246 289 276 343
246 862 246 881
247 123 278 153
247 417 276 562
247 563 365 596
247 774 424 794
247 795 370 891
247 907 378 919
247 931 391 939
250 2 299 4
253 287 396 288
253 344 276 355
253 597 277 629
254 356 276 396
254 397 264 406
254 407 276 416
255 0 291 0
255 1 262 1
263 1 274 1
265 260 276 264
265 265 312 286
265 397 271 406
272 397 415 406
275 1 331 1
276 998 449 998
276 999 388 999
277 225 302 238
277 239 423 264
277 289 396 297
277 298 415 396
277 407 415 420
277 421 447 562
278 597 298 626
278 627 410 718
278 719 328 750
279 123 372 128
279 129 299 153
292 0 315 0
299 597 305 619
299 620 348 626
300 2 349 3
300 4 336 4
300 129 307 223
300 224 302 224
303 224 423 238
306 597 358 606
306 607 311 619
308 129 316 186
308 187 348 221
308 222 423 223
312 607 395 612
312 613 321 613
312 614 395 619
313 265 423 279
313 280 420 285
313 286 396 286
315 5 372 71
315 997 439 997
316 0 318 0
317 129 372 134
317 135 371 186
319 0 324 0
322 613 395 613
325 0 336 0
329 719 425 736
329 737 331 741
329 742 432 750
332 1 570 1
332 737 432 741
337 0 338 0
337 4 349 4
339 0 489 0
349 187 371 210
349 211 396 221
349 620 395 626
350 2 357 4
358 2 421 4
359 597 395 606
362 73 371 88
362 89 372 101
366 563 447 592
366 593 395 596
367 940 377 986
367 987 439 995
371 795 424 831
371 832 378 891
372 73 372 88
372 135 372 210
373 5 418 57
373 58 402 180
373 181 396 210
378 940 391 984
378 985 439 986
379 832 499 912
379 913 391 919
389 999 389 999
390 999 433 999
392 913 499 948
392 949 397 984
396 593 520 626
397 181 401 221
397 286 401 297
398 949 418 961
398 962 582 965
398 966 418 984
402 181 406 221
402 286 421 297
403 58 505 72
403 73 418 80
403 81 496 180
407 181 433 212
407 213 464 221
411 627 520 678
411 679 425 718
416 298 421 310
416 311 431 368
416 369 595 420
419 5 452 56
419 57 505 57
419 73 496 80
419 949 420 961
419 966 420 973
419 974 463 979
419 980 439 984
421 280 531 283
421 284 421 285
421 949 474 959
421 960 493 961
421 966 493 973
422 2 531 4
422 284 531 310
424 222 464 279
425 774 461 790
425 791 432 808
425 809 499 831
426 679 565 723
426 724 485 736
432 311 450 367
432 368 595 368
433 737 459 760
433 761 461 762
433 791 444 801
433 802 461 807
433 808 467 808
434 181 457 187
434 188 523 212
434 999 449 999
440 980 446 985
440 986 534 990
440 991 474 997
445 791 461 801
447 980 580 982
447 983 463 985
448 421 459 531
448 532 452 572
448 573 459 592
450 998 473 999
451 311 469 359
451 360 466 367
453 5 542 11
453 12 505 56
453 532 562 534
453 535 459 558
453 559 455 572
456 559 459 572
458 181 496 184
458 185 577 187
460 421 598 483
460 484 562 531
460 535 562 573
460 574 520 592
460 737 461 760
462 737 579 756
462 757 507 807
464 974 493 974
464 975 582 979
464 983 580 984
464 985 474 985
465 213 523 245
465 246 469 279
467 360 482 367
468 808 537 808
470 246 485 258
470 259 531 279
470 311 482 350
470 351 510 355
470 356 482 359
474 998 492 999
475 949 493 959
475 985 534 985
475 991 534 997
483 311 531 314
483 315 510 350
483 356 510 367
486 246 531 258
486 724 580 732
486 733 737 736
490 0 560 0
493 998 630 998
493 999 525 999
494 949 534 961
494 966 516 972
494 973 509 974
497 73 510 77
497 78 703 85
497 86 510 117
497 118 577 184
500 809 537 816
500 817 507 947
500 948 534 948
506 12 542 63
506 64 510 72
508 757 537 807
508 817 537 828
508 829 564 947
510 973 519 974
511 64 703 77
511 86 548 117
511 315 518 367
517 966 582 969
517 970 519 972
519 315 531 336
519 337 766 367
520 970 582 974
521 574 588 634
521 635 565 678
524 188 577 199
524 200 531 229
524 230 665 245
526 999 528 999
529 999 638 999
532 2 570 2
532 3 542 4
532 200 554 216
532 217 665 229
532 246 665 336
535 948 601 951
535 952 582 961
535 985 627 992
535 993 630 997
538 757 580 802
538 803 539 828
540 803 580 828
543 3 566 3
543 4 561 17
543 18 571 63
549 86 565 117
555 200 558 216
559 200 561 215
559 216 637 216
561 0 568 0
562 4 571 17
562 200 675 211
562 212 602 215
563 484 605 557
563 558 643 573
565 829 622 856
565 857 669 880
565 881 601 947
566 86 600 117
566 635 588 691
566 692 613 723
567 3 570 3
569 0 593 0
571 1 625 3
572 4 598 51
572 52 600 63
578 118 600 161
578 162 652 199
580 737 580 750
580 751 622 753
580 754 580 756
581 724 640 730
581 731 737 732
581 737 657 746
581 747 622 750
581 754 622 828
581 980 627 984
583 952 601 979
589 574 643 574
589 575 613 691
594 0 601 0
596 368 648 375
596 376 598 420
599 4 625 17
599 18 615 51
599 376 648 472
599 473 605 483
601 52 615 54
601 55 703 63
601 86 703 101
601 102 659 143
601 144 703 161
602 0 625 0
602 881 637 916
602 917 650 978
602 979 682 979
603 212 675 215
606 473 696 505
606 506 616 557
614 575 623 690
614 691 698 693
614 694 640 723
616 18 619 48
616 49 703 54
617 506 696 557
620 18 675 32
620 33 666 48
623 747 657 855
623 856 813 856
624 575 643 636
624 637 640 647
624 648 630 675
624 676 818 690
626 0 722 7
626 8 647 17
628 980 633 984
628 985 694 986
628 987 633 987
628 988 760 988
628 989 633 992
631 648 662 671
631 672 830 675
631 993 633 995
631 996 694 998
634 980 682 980
634 981 684 981
634 982 682 984
634 987 760 987
634 989 694 995
638 216 675 216
638 881 658 907
638 908 661 916
639 999 643 999
641 637 662 642
641 643 818 647
641 694 818 710
641 711 662 728
641 729 818 730
644 558 670 566
644 567 776 622
644 623 662 636
644 999 679 999
648 8 722 17
649 368 776 387
649 388 696 472
651 917 659 969
651 970 682 978
653 162 703 179
653 180 675 199
658 737 737 738
658 739 809 855
659 881 809 887
659 888 661 907
660 102 703 143
660 917 661 958
660 959 712 968
660 969 676 969
662 888 852 900
662 901 685 919
662 920 779 958
663 623 818 642
663 648 707 671
663 711 818 728
666 217 670 233
666 234 666 247
666 248 670 306
666 307 735 309
666 310 675 318
666 319 766 336
667 33 671 36
667 37 703 48
667 234 670 247
670 857 809 880
671 217 675 221
671 222 719 302
671 303 675 306
671 558 696 560
671 561 776 566
672 33 679 36
676 18 921 31
676 32 679 32
676 180 687 221
676 303 687 306
676 310 687 318
677 969 685 969
680 32 921 35
680 36 686 36
680 999 713 999
683 970 685 974
683 975 684 980
683 982 686 983
683 984 694 984
685 975 685 981
686 901 852 919
686 969 880 976
686 977 712 981
687 36 691 36
687 982 694 983
688 180 765 221
688 303 827 306
688 310 691 318
692 36 703 36
692 310 735 318
695 982 722 985
695 986 760 986
695 989 760 992
695 993 698 998
697 388 748 460
697 461 710 497
697 498 765 507
697 508 707 560
699 691 818 693
699 993 703 994
699 995 714 998
704 36 765 177
704 178 756 179
704 993 722 993
704 994 760 994
708 508 737 542
708 543 712 560
708 648 818 655
708 656 712 671
711 461 726 497
713 543 737 560
713 656 818 671
713 959 928 968
713 977 880 981
714 999 764 999
715 995 928 995
715 996 722 998
720 222 766 270
720 271 827 301
720 302 766 302
723 0 792 4
723 5 805 14
723 15 921 17
723 982 912 984
723 985 760 985
723 993 760 993
723 996 928 997
723 998 776 998
727 461 776 473
727 474 733 497
734 474 776 477
734 478 745 497
736 307 827 312
736 313 766 318
738 508 776 538
738 539 774 559
738 560 776 560
738 731 818 738
746 478 776 486
746 487 748 497
749 388 776 460
749 487 776 497
757 178 765 179
761 985 778 994
765 999 776 999
766 36 849 135
766 136 863 221
766 498 776 507
767 222 959 255
767 256 827 270
767 302 827 302
767 313 797 337
767 338 802 367
775 539 776 559
777 368 802 377
777 378 831 585
777 586 818 622
777 998 937 999
779 985 797 994
780 920 852 920
780 921 845 936
780 937 789 958
790 937 845 938
790 939 810 958
793 0 843 0
793 1 880 1
793 2 841 4
798 313 827 327
798 328 959 337
798 985 821 994
803 338 840 361
803 362 827 377
806 5 841 5
806 6 813 14
810 739 820 751
810 752 813 855
810 857 852 887
811 939 845 940
811 941 850 958
814 6 921 14
814 752 820 767
814 768 946 768
814 769 852 856
819 586 859 659
819 660 830 671
819 676 830 681
819 682 820 738
821 682 830 767
822 985 860 993
822 994 928 994
828 256 959 327
828 362 840 372
828 373 999 377
831 660 859 716
831 717 946 767
832 378 871 501
832 502 870 545
832 546 871 585
841 338 979 346
841 347 999 372
842 2 880 5
844 0 880 0
846 921 850 940
850 36 921 104
850 105 958 135
851 921 867 948
851 949 928 958
853 769 867 811
853 812 880 842
853 843 879 857
853 858 878 897
853 898 867 920
860 586 904 630
860 631 951 716
861 985 912 992
861 993 928 993
864 136 958 152
864 153 877 211
864 212 961 221
868 769 946 778
868 779 995 809
868 810 926 811
868 898 908 948
871 502 871 545
872 378 999 406
872 407 994 562
872 563 904 585
878 153 961 211
879 858 879 868
879 869 951 897
880 843 903 844
880 845 951 868
881 0 921 5
881 812 903 842
881 969 942 975
881 976 998 977
881 978 912 981
904 812 926 831
904 832 906 844
905 563 942 564
905 565 951 630
907 832 917 844
909 898 951 911
909 912 998 935
909 936 951 948
913 978 928 985
913 986 915 992
916 986 942 990
916 991 928 992
918 832 926 838
918 839 925 844
922 0 927 2
922 3 976 65
922 66 956 104
926 839 926 844
927 810 933 844
928 0 983 2
929 949 951 956
929 957 938 962
929 963 942 968
929 978 998 984
929 985 938 985
929 991 967 996
929 997 937 997
934 810 991 844
938 997 967 999
939 957 942 958
939 959 998 962
939 985 998 985
943 563 951 564
943 957 947 958
943 963 943 965
943 966 998 975
943 986 947 989
943 990 994 990
944 963 998 965
947 717 999 778
948 957 998 957
948 958 951 958
948 986 951 989
952 563 970 625
952 626 961 715
952 716 999 716
952 845 999 911
952 936 998 956
952 958 998 958
952 986 998 988
952 989 999 989
957 66 958 104
959 66 978 151
959 152 961 152
960 222 961 254
960 255 981 337
962 152 992 254
962 626 999 630
962 631 982 715
968 991 994 992
968 993 981 999
971 563 980 588
971 589 989 625
977 3 992 3
977 4 978 65
979 4 990 30
979 31 997 105
979 106 992 151
980 338 996 339
980 340 981 346
981 563 989 588
982 255 986 318
982 319 982 325
982 326 996 337
982 340 996 346
982 993 999 997
982 998 992 999
983 319 984 325
983 631 996 641
983 642 985 699
983 700 996 715
984 0 998 0
984 1 992 2
985 319 991 325
986 642 996 699
987 255 997 261
987 262 987 292
987 293 996 318
988 262 997 292
990 563 999 572
990 573 992 601
990 602 999 625
991 4 992 5
991 6 998 30
992 319 996 325
992 810 992 838
992 839 999 844
993 1 994 5
993 106 994 228
993 229 993 254
993 573 999 601
993 810 999 838
993 998 994 998
993 999 994 999
994 229 998 238
994 239 997 254
995 1 995 5
995 106 999 140
995 141 996 145
995 146 999 228
995 407 999 442
995 443 996 484
995 485 996 562
995 990 996 992
995 998 995 998
995 999 998 999
996 1 998 2
996 3 996 5
996 779 999 799
996 800 998 809
996 998 999 998
997 3 999 3
997 4 999 5
997 141 999 145
997 293 997 293
997 294 999 346
997 443 999 451
997 452 997 488
997 489 998 562
997 631 999 701
997 702 999 715
997 990 999 992
998 31 998 53
998 54 999 70
998 71 998 79
998 80 999 105
998 239 998 293
998 452 999 460
998 461 998 468
998 469 999 477
998 478 998 488
999 0 999 0
999 1 999 1
999 2 999 2
999 6 999 8
999 9 999 9
999 10 999 53
999 71 999 79
999 229 999 293
999 461 999 468
999 478 999 526
999 527 999 535
999 536 999 562
999 800 999 807
999 808 999 809
999 912 999 920
999 921 999 930
999 931 999 933
999 934 999 988
999 999 999 999
