109 94
0000000000000000000000000000001111111111111000000000000000000101011001011111111111111111111001
0000000000000111111100000001111111111111111110000000000000000111100000001111111111111111111001
0000000000000111111100000001111111111111111110000000000000000100101000000111111111111111111001
0000000000000000000000000000000000000000000000000000000000000000000000000001111111111111111000
0000000000000000000000000000000000000000000000000000000000000000000000000001111111111111111000
0000000000000000000000000000000000000000000000000000000000000000000000000001111111111111111000
0000000000000000000000000000000000000000000000000000000000000000000000000001111111111111111001
0000000000000000000000000000000000000111111111111111111111100000000000000001111111111111111001
0000000000000000000000000000000000000111111111111111111111100000000000000001111111111111111000
0000000000000000000000000000000000000111111111111111111111100000000000000001111111111111111000
0000000000000000000000000000000000000111111111111111111111100000000000000001111111111111111000
0000000000000000000000000000000000000111111111111111111111100000000000000001111110000000000000
0000000000000000000000000000000000000111111111111111111111100000000000000001111110000000000000
0000000000000000000000000000000000000111111111111111111111100000000000000001111111111111111001
0000000111111111111100000000000000000111111111111111111111100000000000000001111111111111111101
0000000111111111111100000000000000000111111111111111111111100000000000000000000000000000001001
0000000111111111111100000000000000000111111111111111111111100000000000000000000000000000001111
0000000111111111111100000000000000000111111111111111111111100000000000000000000000000000001110
0000000111111111111100000000000000000111111111111111111111100000000000000000000000000000001111
0000000111111111111100000000000000000111111111111111111111100000000000000000000000000000001111
0000000111111111111100000000000000000111111111111111111111100000000000000000000000000000001111
0000000111111111111100000000000001111111111111111111111111100000000000000000000000000000001111
0000000111111111111100000001111111111111111111111111111111100000000000000000000000000000001111
0000000111111111111100000001111111111111111111111111111111100000000000000000000000000000001111
0111111111111111111100000001111111111111111111111111111111100000000000000000000000000000001111
0111111111111111111111111111111111111111111111110000000011100000000000000000000000000000001111
1111111111111111111111111111111111111111111111110000000011100000000000000000000000000000000011
1111111111111111111111111111111111111111111111110000000011100000000000000000000000000000000011
1111111111111111111000000000000001111111111111110000000011100010000000000000000000000000000011
0111111111111111111000000000000001111111111111110000000011100010000000000000000000000000000011
0111111111111111111000000000000001111111111111110000000011100010000000000000000000000000000011
1111111111111111111111111111111111111111111111110000000011100000000000000000000000000000000011
0111111111000000001111111111111111111111111111110000000000000000000000000000000000000000011111
0111111111000000001111111111111111111111111111110000000000000000000000000000000000000000011111
0110000000001111111111111111111111111111111111110000000000000000000000000000000000000000011111
1110000000001111111111111111111111111111111111110000000000000000000000000000000000000000011111
0110000000001111111111111111111111111111111111111100000000000000000000000000000000000000011111
1110000000001111111111111111111111111111111111111110000000000000000000000000000000000000011111
1110000000001111111111111111111111111111111111111110000000000000000000000000000000000000011111
1110000000001111111111111111111111111111111111111110000000000000000000000000000000000000000010
1110000000001111111111111111111111111111111111111111111100000000000000000000000000000000000010
0110000000001111111111111111111111111111111111111111111100000000000000000000000000000000000010
0011100000001111111111111111111111111111111111111111111100000000000000000000000000000000000010
1100100000001111111111111111111111111111111111111111111100000000000000000000000000000000000010
0101100000001111111111111111111111111111111111111111111100000000000000000000000000000000000010
1010100000001111111111111111111111111111111111111111111100000000000000000000000000000000000010
0011100000001111111111111111111111111111111111111111111111111111000000000000000000000000000011
1010100000001111111111111111111111111111111111111111111111111111111111111111111111111100000011
1000011111111111111111111111111111111111111111111111111111111111111111111111111111111100000011
0000011111111111111111111111111111111110011111111111111111111111111111111111111111111100000011
0000011111111111111111111111111111111110011111111111111111111111111111111111111001111100000011
1000011111111111111111111111111111111110011111111111111111111111111111111111111001111110000011
1000011111111111111111111111111111111110011111111111111111111111111111111111111001111110000011
1000011111111111111111111111111111111110011111111111111111111111111111111111111001111111110010
0000011111111111111111111111011111111110011111111111111111111111111111111111111001111111110010
1111111111111111111111111111000000000110011111111111111111111111111111111111111001111111110000
1111111111111111111111111111000000111111111111111111111111111111111111111111111111111111110000
1111111111111111111111111111000000111111111111111111111111111111111111111111111111111111111001
1111111111111111111111111111000000111111111111111111111111111111111111111111111111111111111001
1111111111111111111111111111000000111111111111111111111111111111111111111111111111111111111001
1111111111111111111111111111000000111111111111111111111111111111111111111111111111111111111001
1111111111001111111111111111000000111111111111111111111111111111111111111111111111111111111001
1111111111001111111111111111000000111111111111111111111111111111111111111111111111111111111001
1111111111001111111111111111000000111111111111111111111111111111111111111111111111111111111001
1111111111001111111111111111111111111111111111111111111111111011111111111111111111111111111111
1111111111001111111111111111111111111111111111111111111111111011111111111111111111111111111111
1111111111001111111111111111111111111111111111111111111111111011111111111111111111111111111111
1111111111001111111111111111111111111111111111111111111111111011111111111111111111111111111111
1111111111000011111111111111111111111111111111111111111111111011111111111111111111111111111111
1111111111000011111111111111111111111111111111111111111111111011111111111111111111111111111111
1111111111000011111111111111111111111111111111111111111111111011111111111111111111111111111111
1111111111000011111111111111111111111111111111111111111111111000001111111111111111111111111111
1111111111000011111111111110000000111111111111111111111111111000001111111111111111111111111111
1111111111000011111111111110000000111111111111111111111111111000001111111111111111111111111111
1111111111000011111111111110000000111111111111111111111111111000001111111111111111111111111111
1111111111000011111111111110000000111111111111111111111111111000001111111111111111111111111111
1111111111000011111111111110000000111111111111111111111111111011111111111111111111111111111111
1111111111000011111111111111100000111111111111111111111111111011111111111111111111111111111111
1111111111000011111111111111100000111111111111111111111111111011111111111111111111111111111111
1111111111000011111111111000000000111111111111111111111111111011111111111110111111111111111111
1111111111000011111111111000000000111111111111111111111111111011111111111110111111111111111110
1111111111000011111111111000000000111111111111111111111111111011111111111110111111111111111110
1111111111000011111111111000000000111111111111111111111111111011111111111110111111111111111110
1111111111000011111111111000000000111111111111111111111111111011111111111110111111111111111111
1111111111000011111111111000000000111111111111111111111111111011111111111110111111111111000001
1111111111000011111111111000000000111111111111111111111111111011111111111110111111111111000001
1111111111000011111111111000000000000000000000000000000000000011111111111111111111111111000001
1111111111000011111111111000000000000000000000000000000000000011111111111111111111111111000001
1111111111000011111111111000000000000000000000000000000000000011111111111111111111111111000001
1111111111000011111111111000000000000000000000000000000000000011111111111111111111111111000001
1111111111000011111111111000000000000000000000000000000000000011111111111111111111111111000001
1111111111000011111111111000000000000000000000000000000000000011111111111110111111111111000001
1111111111000011111111111000000000000000000000000000000000000011111111111110111111111111000001
1111111111000011111111111000000000000000000000000000000000000011111111111110111111111111111111
1111111100000000000000000000000000000000000000000000000000000011111111111110111111111111111111
1111111100000000000000000000000000000000000000000000000000000011111000000000111111111111000000
1111111100000000000000000000000000000000000000000000000000000011111000000000000000000000000000
1111111100000000000000000000000000000000000000000000000000000011111000000000000000000000000000
1111111100000000000000000000000000000000000000000000000000000011111000000000000000000000000000
1111111100000000000000000000000000000000000000000000000000000011111000000000000000000000000000
1111111100000000000000000000000000000000000000000000000000000011111000000000000000000000000000
1100000000000000000000000000000000000000000000000000000000000011111000000000000000000000000000
1100000000000000000000000000000000000000000000000000000000000011111110000000000110000000000000
1000000011111111000000000011111110000011111111111111111111111111111000000000000000000000000000
1000000011111111000000000011111110000011111111111111111111111111111000000000000000000000000000
1111111111111111000000000011111110000011111111111111111111111111111000000000000000000000000000
0011111111111111000000000011111110000000000000000000000000000011111110001111111111111111111100
0111011100000000000111111111111111111111111111111111111111111111111000001111111111111111111100
1100111111111111111000111111111111111111111111111111111110000001111111110000000000000000000000
