100 2527
91 98
28 87
17 49
26 58
65 94
66 77
27 68
21 23
93 20
59 44
47 49
98 90
43 9
56 85
46 67
96 3
68 50
38 56
26 39
92 65
3 32
43 30
85 87
76 35
21 7
38 89
53 69
17 52
34 97
100 20
74 4
74 92
75 82
48 77
85 53
93 26
95 16
19 73
58 7
58 34
4 56
39 80
46 30
60 63
42 73
30 20
4 35
32 29
58 5
83 13
15 67
53 17
19 32
7 12
33 28
87 18
16 94
70 19
56 78
9 78
9 85
41 43
63 43
74 88
99 33
76 26
3 64
37 45
69 57
7 75
74 55
15 91
4 50
32 16
92 17
45 28
63 49
49 11
3 8
56 15
77 50
34 99
24 49
9 42
97 78
27 20
94 62
7 40
74 44
97 77
85 69
46 76
20 49
23 38
100 51
41 42
2 89
26 59
6 59
51 66
60 32
87 51
15 33
8 26
83 77
81 35
60 87
19 24
84 62
88 57
50 23
31 34
82 88
70 76
5 24
68 60
57 59
28 99
78 8
45 47
6 56
3 15
44 15
44 85
99 32
47 32
37 87
2 45
61 83
92 9
21 9
63 12
31 41
17 66
9 61
3 9
74 2
80 20
30 42
35 68
26 57
21 28
40 51
14 8
71 65
22 33
71 72
97 79
53 56
67 83
96 81
55 93
79 71
19 17
60 55
71 12
30 59
55 19
92 2
95 75
22 53
94 18
3 69
13 40
24 84
60 62
26 40
37 79
19 91
93 67
30 94
54 89
48 27
85 70
62 21
68 100
33 96
40 84
8 96
14 74
41 21
56 1
1 20
100 96
5 45
42 47
15 50
38 41
39 32
96 39
30 32
82 12
13 68
83 59
83 43
30 68
39 78
31 70
4 96
12 88
85 42
70 27
46 34
11 88
20 68
63 66
3 4
100 25
41 72
90 9
59 37
56 50
99 65
43 2
82 71
57 44
60 34
29 5
92 88
8 33
15 41
36 51
67 61
53 74
32 95
65 42
20 24
67 57
35 25
35 83
86 52
37 88
80 38
100 63
80 33
97 4
18 53
14 85
25 73
63 19
25 31
11 32
16 98
31 58
56 98
81 77
81 45
50 46
74 70
100 91
69 47
1 52
36 47
29 54
68 19
86 14
77 46
38 45
44 40
54 27
38 17
53 33
45 93
49 40
56 67
78 75
23 46
55 33
7 66
77 68
1 77
75 70
28 3
63 20
56 58
36 11
2 80
79 85
79 94
18 3
97 50
37 75
28 27
69 93
54 35
54 3
3 83
7 24
82 95
58 82
4 39
68 15
91 8
2 38
73 9
95 62
36 40
28 22
84 70
24 79
2 35
69 33
79 66
30 96
58 2
71 1
53 37
57 72
94 69
48 40
43 65
42 76
29 68
9 12
8 71
2 82
14 22
25 24
82 7
69 99
4 18
16 36
92 5
43 50
42 57
32 24
69 7
21 50
92 28
6 21
51 82
69 70
19 92
57 31
74 11
82 10
88 61
17 24
10 59
1 34
94 39
91 69
57 95
5 21
13 9
83 1
45 35
45 16
50 55
82 42
13 42
18 88
81 61
93 97
89 94
9 64
23 39
86 12
85 4
81 1
68 10
43 3
83 78
37 68
31 39
70 81
32 46
15 8
70 92
74 46
15 59
72 6
30 55
22 62
61 4
20 7
8 82
85 16
40 73
9 32
69 21
77 9
55 95
28 66
2 73
32 65
54 58
67 6
98 20
57 24
43 74
24 55
23 14
24 3
73 72
87 62
28 50
1 13
19 47
36 18
51 81
67 4
83 24
25 34
32 35
3 77
64 39
48 80
73 67
26 96
1 6
23 1
66 70
96 15
92 86
52 12
100 28
32 83
92 60
9 51
28 2
69 98
43 6
28 88
23 87
32 55
94 13
38 83
46 98
93 68
53 90
5 89
87 90
68 85
52 92
27 97
63 9
70 77
17 96
44 49
15 25
47 51
90 33
97 92
84 30
35 16
87 30
65 76
60 5
36 25
58 12
8 30
49 41
39 20
23 26
43 39
92 32
21 83
25 76
74 63
77 29
16 92
80 97
95 68
8 18
86 55
72 25
31 82
89 24
2 71
13 50
93 92
55 12
91 74
81 92
44 12
55 16
18 2
63 15
22 36
72 82
40 55
30 41
28 77
36 19
60 86
76 11
98 36
21 24
92 30
95 5
28 42
15 60
14 42
19 7
85 72
45 68
49 92
75 32
45 51
34 88
81 26
9 62
22 46
100 30
36 46
96 18
54 28
31 84
57 45
45 72
79 39
88 5
97 35
37 14
15 51
25 97
87 91
15 95
96 89
11 26
37 67
95 4
20 22
74 47
56 80
57 5
41 94
75 94
6 35
38 47
37 54
19 51
21 19
50 32
36 4
77 12
32 90
70 52
100 31
2 68
66 93
49 62
22 61
14 45
30 4
41 64
76 32
90 62
90 19
61 1
94 48
57 22
73 82
100 69
72 52
88 86
98 27
25 44
73 32
39 52
88 96
99 41
43 68
59 55
25 45
72 27
64 81
84 82
60 88
70 56
47 60
17 30
1 51
81 21
52 90
56 11
91 6
87 63
7 23
83 100
48 9
43 86
12 13
46 42
26 24
39 51
27 64
92 90
58 40
20 43
92 26
21 25
48 29
6 55
16 90
98 94
62 51
6 5
25 52
5 13
86 19
7 10
99 66
2 67
38 100
85 96
71 61
53 5
70 37
96 79
14 81
97 62
2 32
7 84
92 43
34 48
9 19
47 30
34 14
13 26
86 35
31 79
88 48
55 46
22 58
97 64
82 64
37 11
5 17
45 20
77 27
72 38
93 60
100 46
36 58
44 61
89 79
70 58
60 50
19 38
42 12
86 89
27 100
33 14
79 11
25 46
20 35
40 81
31 30
48 56
3 40
49 13
59 21
16 52
69 35
34 56
51 79
72 28
27 19
34 29
20 86
93 82
5 52
73 62
94 78
59 92
22 92
71 66
52 57
31 29
68 31
45 55
100 74
6 52
10 88
74 40
53 88
33 4
61 70
88 79
16 46
85 52
21 33
44 52
55 57
79 33
40 65
21 44
91 62
32 57
90 11
93 28
37 89
95 42
58 39
60 71
67 1
64 65
76 88
49 98
2 56
73 79
76 23
100 3
70 46
26 97
17 32
75 30
96 73
82 32
16 100
82 55
58 10
67 47
19 59
62 5
26 55
25 43
73 74
41 85
52 31
5 30
7 30
44 48
31 22
17 3
8 86
65 93
88 31
11 61
96 5
11 75
35 53
19 26
75 21
33 10
74 41
64 48
88 85
74 95
46 45
46 9
51 54
48 100
4 40
7 16
95 85
81 18
93 61
18 5
43 85
49 31
15 83
87 99
38 11
67 49
1 36
1 18
76 60
63 94
85 59
99 16
68 80
47 8
65 27
13 48
50 91
89 63
27 36
96 57
82 90
12 53
49 32
9 60
65 62
59 81
24 54
19 85
35 64
19 65
64 11
85 18
59 46
5 39
25 4
91 67
95 44
63 47
72 23
32 53
56 73
63 22
56 91
26 71
11 9
80 74
83 56
38 61
95 9
100 88
1 11
44 60
73 63
95 46
21 42
64 25
36 96
32 40
53 73
88 4
38 74
13 34
47 84
94 15
58 68
6 74
61 80
19 61
62 38
41 16
57 98
84 88
25 68
27 25
93 9
38 34
11 89
25 74
85 100
55 41
10 48
3 27
10 64
24 4
50 12
55 80
74 19
95 52
30 27
18 79
72 61
70 60
23 58
33 5
45 17
93 73
4 47
68 23
12 73
99 14
12 59
73 87
90 45
59 88
23 15
25 57
56 27
35 74
19 43
45 24
84 12
15 4
19 93
79 4
95 67
23 73
100 62
84 14
86 31
85 74
1 53
37 98
36 17
12 97
63 33
99 45
66 1
60 22
18 35
18 38
2 20
74 10
11 92
29 26
42 20
88 3
13 3
85 55
83 64
100 35
74 29
68 96
11 29
91 14
12 92
99 25
74 60
64 4
86 79
20 65
51 84
9 52
37 47
44 92
49 70
36 97
22 97
40 25
21 47
71 34
94 45
80 52
57 7
56 10
22 9
50 39
18 93
22 88
27 79
21 31
17 62
4 27
57 58
92 73
55 77
64 1
25 10
78 45
57 71
25 51
65 1
88 27
56 5
65 47
18 50
59 56
76 99
49 58
47 15
64 40
26 70
59 53
42 89
33 7
7 45
63 86
83 5
51 64
67 89
15 35
61 68
60 31
66 86
15 75
94 57
4 73
63 65
9 44
72 13
36 34
19 78
69 83
80 49
10 94
16 83
67 87
31 66
81 29
15 71
35 48
94 56
95 12
78 27
63 78
30 63
20 56
43 28
6 39
76 83
57 51
11 69
76 47
40 21
31 75
4 29
35 61
68 64
77 18
6 36
65 57
28 59
33 57
92 24
49 53
37 73
90 21
15 85
57 19
16 78
50 100
78 17
91 2
91 93
15 5
41 92
53 64
90 1
82 45
21 94
82 23
24 48
34 20
19 100
34 65
33 71
51 63
5 49
18 99
43 15
36 13
16 79
83 54
61 6
91 30
100 79
41 20
20 83
10 95
73 36
65 37
1 37
74 18
40 10
85 20
72 29
50 20
31 54
91 59
94 42
58 96
67 63
54 69
10 36
51 33
85 83
48 39
90 99
14 83
89 16
57 80
10 77
1 82
72 63
40 88
1 48
59 16
93 76
43 64
54 38
98 14
19 87
99 96
99 20
68 4
58 90
84 77
11 27
38 40
66 40
8 57
56 40
28 36
47 9
16 80
96 80
15 2
42 15
34 39
44 68
32 27
85 82
56 65
28 40
89 87
89 57
52 84
62 59
10 53
91 77
16 4
81 25
85 62
51 94
16 61
46 56
11 78
81 88
25 58
67 69
66 6
92 1
38 26
50 59
78 36
84 69
57 66
98 88
6 77
76 96
95 8
84 27
38 82
28 34
76 74
14 53
99 61
11 57
83 66
65 41
5 61
34 15
77 87
53 23
62 53
37 22
54 46
31 46
45 70
83 71
28 25
71 36
75 4
49 65
66 54
64 26
51 17
9 4
80 79
5 47
22 84
52 47
86 17
62 6
59 27
52 78
7 85
32 4
42 17
56 57
7 72
53 16
28 67
27 62
14 6
15 86
18 90
12 61
68 22
9 1
10 71
81 52
88 44
46 65
35 77
31 17
38 42
68 75
39 8
82 96
12 30
22 43
90 59
46 58
54 44
55 7
77 82
59 31
21 92
72 67
62 4
16 44
3 86
2 1
41 39
60 95
18 98
10 78
80 13
32 41
81 2
47 85
37 15
47 23
91 4
91 25
9 71
49 95
86 74
67 88
28 9
34 59
28 32
24 66
44 84
16 54
64 85
83 96
43 17
61 15
36 69
52 28
58 13
2 54
67 71
84 71
96 74
45 85
17 98
83 40
49 74
69 82
2 34
55 20
55 51
44 47
17 60
82 60
89 53
26 74
15 48
30 51
7 56
63 80
85 10
2 75
45 50
70 41
10 91
75 54
35 9
26 77
50 25
58 86
79 38
91 42
67 25
68 65
56 87
66 81
26 62
8 38
94 81
64 6
53 70
48 11
5 1
62 23
35 89
10 5
79 41
10 27
99 68
48 21
15 32
63 23
39 61
93 34
42 56
98 59
70 12
66 58
89 78
12 4
28 97
31 96
2 78
42 44
22 98
54 8
98 38
63 69
87 44
65 53
40 71
51 96
31 63
30 98
5 28
6 73
33 61
35 10
36 100
29 86
100 56
82 36
36 93
99 89
77 5
1 42
61 26
82 30
27 47
45 36
76 33
50 7
41 26
7 76
82 66
79 87
27 15
58 81
43 77
26 88
12 32
94 86
16 68
79 47
14 29
86 9
56 25
22 18
74 65
40 24
39 3
91 12
75 62
86 44
61 31
48 96
49 57
20 57
73 21
93 79
43 8
56 88
84 94
45 58
41 100
79 55
18 55
94 77
15 100
44 3
26 79
88 54
84 85
11 85
54 41
13 93
4 98
84 45
4 20
94 32
66 46
95 79
10 17
28 84
92 85
45 69
32 66
27 69
28 14
97 67
88 8
96 23
38 46
7 61
31 89
79 6
96 43
87 4
60 94
67 38
66 55
22 23
5 91
71 94
83 52
42 88
84 57
32 100
70 88
65 91
51 92
33 59
59 51
54 79
33 16
31 55
68 62
85 71
8 41
36 86
65 9
17 6
1 100
44 77
89 65
28 37
38 52
62 70
89 83
62 10
79 92
64 90
85 80
92 46
71 11
13 10
47 90
81 74
71 89
44 36
26 5
87 32
3 33
54 11
86 11
42 39
60 85
50 47
100 52
73 90
50 14
25 19
30 45
87 52
13 76
85 75
53 46
25 79
75 61
48 14
48 53
40 91
99 29
37 80
80 36
90 88
19 76
43 99
85 13
83 31
65 38
13 4
86 90
77 49
54 91
12 89
10 57
81 57
69 41
11 13
53 80
54 73
27 43
60 67
82 86
89 100
3 30
63 1
80 28
4 28
80 12
23 54
89 9
78 5
10 26
48 93
80 42
12 28
88 99
65 21
18 42
43 70
44 5
26 31
87 47
37 25
76 31
11 94
17 85
70 32
37 10
46 40
89 84
29 69
62 64
94 96
72 46
89 45
88 50
39 38
80 4
63 34
51 10
58 88
64 14
54 26
86 93
66 5
1 68
17 12
85 22
48 68
59 52
37 50
9 45
2 39
63 85
54 87
45 65
55 76
7 36
58 20
47 29
36 92
68 92
81 30
17 47
65 52
27 33
94 93
45 67
91 33
29 78
50 26
74 98
88 68
73 76
9 26
57 82
78 3
32 8
36 90
57 68
14 41
65 23
98 42
83 57
8 21
75 56
8 28
3 85
95 45
7 62
56 33
33 62
54 81
41 86
54 99
50 31
54 30
58 16
4 57
36 83
67 62
71 17
14 94
91 55
94 95
3 68
82 4
93 42
36 41
48 49
93 83
82 83
71 45
66 67
83 29
70 40
38 44
52 27
80 23
24 75
46 14
21 13
27 37
66 26
47 80
16 73
80 3
30 40
68 87
26 82
50 40
61 66
57 85
17 81
99 70
49 30
25 32
97 66
20 3
70 30
2 90
46 82
82 63
56 61
41 10
88 66
85 28
5 63
19 79
59 13
47 94
66 92
5 90
87 81
20 95
48 51
75 40
3 38
95 38
75 6
62 77
81 12
4 51
68 79
5 14
69 10
56 90
63 8
81 15
53 26
17 57
76 5
96 21
30 53
41 23
29 33
78 49
23 28
2 21
17 37
58 3
48 54
1 49
71 46
94 68
49 37
64 30
34 90
3 89
80 40
59 8
49 89
66 44
31 33
25 92
7 26
84 74
52 50
24 22
11 47
45 87
42 58
6 71
50 92
85 67
79 40
65 100
91 76
57 64
19 82
1 24
99 49
25 87
82 25
70 57
30 78
33 45
21 1
11 87
47 71
55 99
66 78
79 81
42 75
53 55
28 57
82 68
52 60
46 48
56 35
57 62
37 13
73 83
36 24
19 52
75 99
59 87
83 75
51 26
67 70
75 19
24 2
55 88
37 83
36 76
48 58
40 6
88 15
97 33
52 32
50 61
67 82
44 43
53 15
35 46
43 57
27 51
72 16
58 92
70 50
99 13
82 76
74 71
71 80
61 55
96 84
23 75
46 51
13 53
9 79
98 97
39 62
16 81
32 91
74 89
66 45
3 55
58 30
34 27
51 21
75 14
10 89
47 70
79 53
70 14
94 82
61 64
76 21
87 93
9 55
31 69
25 71
20 33
86 87
77 47
100 33
24 28
43 29
21 60
87 88
53 67
78 96
26 28
64 60
67 20
48 28
7 96
33 34
59 76
98 92
83 58
86 64
30 73
81 68
23 60
7 6
29 21
33 66
98 31
60 97
28 75
73 15
63 21
95 41
94 67
15 10
96 86
70 21
43 69
59 89
49 43
78 25
34 87
8 70
2 31
73 84
63 41
50 78
16 86
98 79
29 90
86 57
21 58
68 34
26 36
24 100
100 84
44 18
54 14
14 59
50 64
8 81
71 62
2 51
95 89
92 83
18 19
89 93
53 9
56 47
73 55
50 49
13 62
59 64
22 42
95 84
35 63
81 42
84 15
85 40
93 98
81 63
31 36
5 32
63 57
41 90
60 84
47 39
14 76
32 61
8 55
3 56
63 75
6 57
27 18
27 76
7 86
83 12
25 59
2 62
27 86
14 89
74 69
37 4
78 13
1 74
43 21
8 76
21 30
18 30
13 61
85 5
47 16
39 40
23 92
10 83
61 49
98 82
58 18
40 59
35 51
61 45
67 13
7 42
70 29
90 30
35 33
6 25
3 21
63 3
9 29
64 99
20 51
83 94
96 6
92 47
38 71
48 50
51 50
96 59
13 22
69 92
90 20
37 60
44 24
32 67
44 33
30 26
82 33
75 12
45 32
55 97
3 66
7 39
84 79
70 39
34 12
83 97
69 56
90 43
53 94
77 13
77 54
84 9
46 8
17 20
49 8
99 83
55 27
9 24
72 78
20 5
91 99
8 98
20 61
13 73
34 45
55 5
79 49
56 24
76 72
16 10
32 56
86 2
3 81
14 92
55 67
100 47
13 39
86 51
45 76
96 55
74 90
72 47
34 98
84 54
15 77
60 33
90 23
64 91
55 49
19 48
36 55
41 29
12 35
3 90
22 91
7 68
56 62
23 12
15 29
70 55
10 4
39 36
84 41
24 81
71 59
56 71
11 25
24 47
70 90
3 99
56 82
47 54
79 59
77 25
4 52
78 77
100 87
3 11
86 59
35 60
12 18
70 17
51 38
80 64
17 83
86 46
34 35
71 58
31 10
35 36
75 9
77 76
7 74
93 40
75 80
68 53
3 23
39 84
70 83
20 37
15 72
22 16
52 34
51 41
91 1
17 63
48 86
53 44
78 98
90 54
55 2
28 29
44 73
75 91
17 88
1 25
86 73
99 26
61 65
37 3
6 80
49 22
1 45
86 99
61 23
64 72
95 7
12 51
44 1
80 99
82 22
82 50
21 45
72 65
10 20
23 74
49 6
94 36
59 75
55 52
53 91
51 71
75 3
76 3
61 27
24 78
95 90
88 62
9 36
68 24
54 22
53 42
39 76
51 6
77 7
98 95
73 77
61 47
57 93
77 69
34 16
52 76
100 72
40 100
12 41
69 18
73 11
65 95
95 37
90 37
85 21
98 23
87 82
42 72
96 95
46 19
83 62
68 89
72 31
66 76
34 32
23 97
11 35
8 34
59 84
80 29
57 14
69 97
10 21
8 22
67 30
46 26
81 83
61 25
79 90
6 10
40 2
44 56
92 39
16 29
7 1
98 86
76 78
81 37
99 19
67 64
77 79
35 62
62 63
38 43
97 96
61 77
93 39
78 12
18 49
2 60
5 100
25 47
34 78
15 92
18 51
26 91
79 36
46 96
42 8
10 98
36 48
18 57
24 37
89 81
5 73
79 32
34 80
70 28
8 12
15 13
94 46
84 19
98 63
20 44
81 4
23 43
95 61
35 95
66 37
45 6
24 15
2 69
14 69
72 8
59 35
2 42
12 38
16 8
73 88
4 58
8 75
75 18
94 12
70 25
86 62
24 63
23 45
54 60
1 29
77 67
40 67
48 5
77 32
4 89
48 95
75 90
8 13
12 3
79 8
87 5
37 58
39 21
70 79
47 93
99 7
75 51
69 26
79 83
19 35
17 26
63 52
95 29
82 21
23 13
81 82
48 65
14 1
31 24
88 52
5 25
35 67
57 3
45 13
77 51
22 79
49 100
98 33
42 90
8 69
36 72
9 18
48 73
64 8
73 64
97 53
68 66
9 68
17 46
16 20
33 18
55 1
53 63
17 74
72 4
23 25
44 32
84 48
73 3
30 16
31 4
31 5
14 25
22 32
31 92
72 43
80 90
8 65
58 95
97 84
39 44
10 8
74 8
23 84
12 96
51 99
99 11
100 99
92 100
89 17
25 49
82 99
69 59
25 60
97 56
55 90
40 19
97 1
24 98
46 85
82 11
61 40
74 36
75 67
76 9
97 18
49 36
58 1
73 7
92 55
93 1
61 94
26 33
1 80
54 9
77 31
2 26
72 12
37 38
1 32
87 64
41 28
55 54
72 1
23 52
64 45
34 23
69 80
98 3
11 96
2 11
48 6
70 23
26 85
93 75
11 98
4 43
72 89
96 50
3 45
1 85
96 22
54 100
93 23
10 14
14 49
49 28
97 43
99 97
69 30
50 2
68 74
24 42
97 20
44 90
84 50
8 6
37 99
2 8
54 92
92 53
53 21
5 65
26 22
75 53
71 98
72 40
12 60
92 71
16 31
26 45
52 54
44 10
27 57
37 26
36 64
2 85
47 88
2 87
29 65
87 43
4 70
47 86
52 82
60 29
55 81
79 15
100 7
8 92
28 19
12 19
84 56
41 93
35 71
51 91
55 25
78 31
91 39
33 54
73 46
68 83
20 36
74 50
49 90
28 30
49 93
72 21
54 7
78 62
59 65
54 95
58 15
88 97
43 52
2 93
60 8
41 46
57 39
35 24
44 26
36 84
65 18
23 79
65 83
43 81
62 41
1 26
79 5
93 50
20 62
4 41
65 31
5 59
61 79
96 27
40 96
9 98
69 73
94 27
33 73
63 70
27 99
87 71
28 47
92 38
6 94
96 47
23 40
21 91
76 67
100 75
25 66
45 18
44 46
89 61
31 20
4 44
92 72
43 34
54 72
59 2
11 50
32 63
94 19
98 7
98 50
75 55
79 58
81 19
13 6
14 17
36 61
46 90
29 8
19 95
90 22
19 71
26 20
58 11
23 85
39 56
65 54
39 45
55 15
34 11
37 63
28 74
1 57
20 76
76 81
13 63
32 84
18 73
94 55
32 48
71 28
11 22
5 97
91 94
87 58
95 91
5 23
40 63
44 30
89 73
25 2
43 12
14 30
56 51
88 38
5 75
28 73
5 98
44 76
80 95
73 20
31 53
3 1
96 91
87 74
98 85
34 73
66 10
1 62
60 59
88 75
4 46
43 54
67 58
40 45
47 98
14 31
65 80
64 23
12 49
32 98
24 11
34 51
20 72
13 35
78 23
65 6
85 89
63 4
71 5
2 12
23 83
92 91
2 100
14 63
88 13
34 26
93 30
64 55
44 45
10 19
76 10
13 19
87 39
18 64
60 14
93 12
48 12
73 61
76 41
79 91
59 78
3 61
61 2
52 14
64 84
13 90
48 97
